127,4
127,3
127,2
127,1
127,0
126,4
126,3
126,2
126,1
126,0
124,5
124,4
124,3
124,2
124,1
124,0
122,5
122,4
122,3
122,2
122,1
122,0
121,4
121,3
121,2
121,1
121,0
120,8
120,6
120,5
120,4
120,3
120,2
120,1
120,0
119,5
119,4
119,3
119,2
119,1
119,0
117,16
117,14
117,12
117,11
117,10
117,9
117,7
117,6
117,5
117,4
117,3
117,2
117,1
117,0
116,4
116,3
116,2
116,1
116,0
114,5
114,4
114,3
114,2
114,1
114,0
109,10
109,9
109,3
109,2
109,1
109,0
108,6
108,5
108,4
108,3
108,2
108,1
108,0
105,4
105,3
105,2
105,1
105,0
103,4
103,3
103,2
103,1
103,0
101,5
101,4
101,3
101,2
101,1
101,0
100,9
100,8
100,6
100,5
100,4
100,3
100,2
100,1
100,0
98,4
98,3
98,2
98,1
98,0
93,8
93,6
93,5
93,3
93,2
93,1
93,0
85,9
85,8
85,6
85,3
85,2
85,1
85,0
33,3
33,2
33,1
33,0
31,4
31,3
31,2
31,1
31,0
30,3
30,2
30,1
30,0
26,3
26,2
26,1
26,0
14,5
14,4
14,3
14,2
14,1
14,0
12,4
12,3
12,2
12,1
12,0
11,6
11,5
11,3
11,2
11,1
11,0
10,3
10,2
10,1
10,0
5,3
5,2
5,1
5,0
4,3
2,12
2,11
2,9
2,3
2,2
2,1
2,0
1,3
0,499
0,243
0,9
0,1
0,300
0,299
0,298
0,297
0,296
0,295
0,294
0,293
0,292
0,291
0,290
0,289
0,288
0,287
0,286
0,285
0,284
0,283
0,282
0,281
0,280
0,279
0,278
0,277
0,276
0,275
0,274
0,273
0,272
0,271
0,270
0,269
0,268
0,267
0,266
0,265
0,264
0,263
0,262
0,261
0,260
0,259
0,258
0,257
0,256
0,255
0,254
0,253
0,252
0,251
0,250
0,249
0,248
0,247
0,246
0,245
0,244
0,242
0,241
0,240
0,239
0,238
0,237
0,236
0,235
0,234
0,233
0,232
0,231
0,230
0,229
0,228
0,227
0,226
0,225
0,224
0,223
0,222
0,221
0,220
0,219
0,218
0,217
0,216
0,215
0,214
0,213
0,212
0,211
0,210
0,209
0,208
0,207
0,206
0,205
0,204
0,203
0,202
0,201
0,200
0,199
0,198
0,197
0,196
0,195
0,194
0,193
0,192
0,63
0,62
0,61
0,60
0,59
0,58
0,57
0,56
0,55
0,54
0,53
0,52
0,51
0,50
0,49
0,48
0,47
0,46
0,45
0,6
0,0
0,5
0,304
0,303
0,306
0,305
0,302
0,12
0,418
0,10
0,8
0,11
0,4
0,2
0,3
0,7
